Optimal objective value=43989483.553761959
Optimal_proc_cost = 1955409.160323005
Optimal_storage_cost1 = 2377401.363548501
Optimal_storage_cost2 = 970953.363548502
Optimal_transportation_cost_farmer = 74682.332684331
Optimal_transportation_cost_stage1 = 1.261982976e-007
Optimal_transportation_cost_stage2 = 4.414119179e-007
Optimal_transportation_cost_outbound = 419094.015903449
Optimal_MSP_cost = 38191943.317753606
